111111111110000101010101010101010101010101010101010101010101010101
010101 1010101010000000000000000000000000000000000001
0111111111111111111111111 10010101010000000000000000001111110111111111111111111110 101010101000000001111111111111111111100000001
111111111110000000000000101010011111111110000000000111111111000000010010100100001011111001001001011010101001001001001001001001001011 1001000001110
1111111111111111111111111111111111111111100000000000001111111111000010100 1000000000000000000000000000000111100101010100111
0010010101010010100111111100011001001000001111111000001110010 100101 100010100101 11110001010010111001 1000100101000001111111111100000
111111111110000101010101010101010101010101010101010101010101010101
010101 10101010100000000000111111111111111111111111111111111000000000
0111111111111111111111111 10010101010000000000000000001111110111111111111111111110 101010101000000001111111111111111111100000001
111111111110000000000000101010011111111110000000000111111111000000010010100100001011111001001001011010101001001001001001001001001011 1001000001110
1111111111111111111111111111111111111111100000000000001111111111000010100 1000000000000000000000000000000111100101010100111
0010010101010010100111111100011001001000001111111000001110010 100101 100010100101 11110001010010111001 1000100101000001111111111100000
11110000000000000000000000000000000000000000111111111110001010100 100000000111111111111111111111111111110000000 10100111111111111111111100000
0110010010 101010011111100000 101010010010010010010 111111111110000101010101010101010101010101010101010101010101010101
010101 10101010100000000000111111100000000000000000000000000000111111111 00101001001001001001001001
0111111111111111111111111 10010101010000000000000000001111110111111111111111111110 101010101000000001111111111111111111100000001
111111111110000000000000101010011111111110000000000111111111000000010010100100001011111001001001011010101001001001001001001001001011 1001000001110
1111111111111111111111111111111111111111100000000000001111111111000010100 1000000000000000000000000000000111100101010100111
0010010101010010100111111100011001001000001111111000001110010 100101 100010100101 11110001010010111001 1000100101000001111111111100000
111111111110000101010101010101010101010101010101010101010101010101 111111111110000101010101010101010101010101010101010101010101010101
010101 1010101010000000000000000000000000000000000001
0111111111111111111111111 100101010100000000000000000011111101111111111111111111111111110 101010101000000001111111111111111111100000001
111111111110000000000000101010011111111110000000000111111111000000010010100100001011111001001001011010101001001001001001001001001011 1001000001110
111111111111111111111111111111111111111111111111100000000000001111111111000010100 1000000000000000000000000000000000111100101010100111
0010010101010010100111111100011001001000001111111000001110010 100101 100010100101 11110001010010111001 1000100101000001111111111100000
111111111110000101010101010101010101010101010101010101010101010101
100010101010001001010100101001001001 101010000111110000111100001111000011100001111 1010101010101010101010101 10010010010010010010010
000100010010010000000000000000000000000001111111111 111111111110000101010101010101010101010101010101010101010101010101
010101 10101010100000000000000000000000000000000000000001 0111111111111111111111111 10010101010000000000000000001111110111111111111111111110 
101010101000000001111111111111111111100000001 111111111110000000000000101010011111111110000000000111111111000 000010010100100001011111001001001011010101001001001001001001001001011 1001000001110
1111111111111111111111111111111111111111100000000000001111111111000010100 1000000000000000000000000000000111100101010100111
0010010101010010100111111100011001001000001111111000001110010 100101 100010100101 11110001010010111001 1000100101000001111111111100000
111111111110000101010101010101010101010101010101010101010101010101 111111111110000101010101010101010101010101010101010101010101010101
010101 1010101010000000000000000000000000000000000001
010101 1010101010000000001111111111111111111111111111111111111111111111111100000000000011111000000000000000
00000000000000000000000000000000000000000000000000000000000000000011111111111111111111111111111111111111111100000000000001
1111111111110000000000001111111111111111111111111111111111111111111111111111111111111111111111111100000000000000000000000000000000000000
00000000000000000000001100010001100011111 1111111000101110000000000 0011100011000000000000011111111111111111100011111111111110001111111111
1100000000000001000000000000111111111111000000000000000000000000000000000000000000000000000000000000000000000000000111111111111111111111
111111111111111111111111111111111111111111111111111111111111111111111111111111111111111111000000000000000000000000000001111111111111111
11111111111111111101110011111111111110001110000000 00000011111111111110001111111111111001101111111111110011111111111100111111111111111111
1111111111111111111111111111111111111111111111111111111111111111111111111111111111111111000000000000000000000000000000000000000000000000
0000000000000000000000111111111111111111111111111111111111111111 1111111111000000000000110111111111111111111111111111111000000000000000000
000000000000000000000000000000000000000000000000000000000000001111111111111111111111111111111111111111111111111111111111111111111000000000
0001111111111111000000000000110011111111111111111111111111111111111111111001111111111110011101100000
0111111111111111111111111 10010101010000000000000000001111110111111111111111111110 101010101000000001111111111111111111100000001
111111111110000000000000101010011111111110000000000111111111000000010010100100001011111001001001011010101001001001001001001001001011 1001000001110
1111111111111111111111111111111111111111100000000000001111111111000010100 1000000000000000000000000000000111100101010100111
0010010101010010100111111100011001001000001111111000001110010 100101 100010100101 11110001010010111001 1000100101000001111111111100000
111111111110000101010101010101010101010101010101010101010101010101
010101 1010101010000000000000000000000000000000000001
0111111111111111111111111 10010101010000000000000000001111110111111111111111111110 1010101010000000011111111111111111111111111100000001
111111111110000000000000101010011111111110000000000111111111000000010010100100001011111001001001011010101001001001001001001001001011 1001000001110
11111111111111111111111111111111111111111111100000000000001111111111000010100 1000000000000000000000000000000111100101010100111
0010010101010010100111111100011001001000001111111000001110010 100101 100010100101 11110001010010111001 1000100101000001111111111100000
11110000000000000000000000000000000000000000111111111110001010100 100000000111111111111111111111111111110000000 10100111111111111111111100000
0110010010 101010011111100000 101010010010010010010 111111111110000101010101010101010101010101010101010101010101010101
010101 1010101010000000000000000000000000000000000000000000000011111111 0111111111111111111111111
10010101010000000000000000001111110111111111111111111110 101010101000000001111111111111111111100000001
111111111110000000000000101010011111111110000000000111111111000000010010100100001011111001001001011010101001001001001001001001001011 1001000001110
1111111111111111111111111111111111111111100000000000001111111111000010100 1000000000000000000000000000000111100101010100111
0010010101010010100111111100011001001000001111111000001110010 100101 100010100101 11110001010010111001 1000100101000001111111111100000
11110000000000000000000000000000000000000000111111111110001010100 100000000111111111111111111111111111110000000 10100111111111111111111100000
0110010010 101010011111100000 101010010010010010010 111111111110000101010101010101010101010101010101010101010101010101
010101 10101010100000000000111111100000000000000000000000000000111111111 00101001001001001001001001
0111111111111111111111111 10010101010000000000000000001111110111111111111111111110 101010101000000001111111111111111111100000001
101010101000000001111111111111111111100000001 111111111110000000000000101010011111111110000000000111111111000 000010010100100001011111001001001011010101001001001001001001001001011 1001000001110
1111111111111111111111111111111111111111100000000000001111111111000010100 1000000000000000000000000000000111100101010100111
0010010101010010100111111100011001001000001111111000001110010 100101 100010100101 11110001010010111001 1000100101000001111111111100000
111111111110000101010101010101010101010101010101010101010101010101 111111111110000101010101010101010101010101010101010101010101010101
010101 1010101010000000000000000000000000000000000001
0111111111111111111111111 10010101010000000000000000001111110111111111111111111110 101010101000000001111111111111111111100000001
111111111110000000000000101010011111111110000000000111111111000000010010100100001011111001001001011010101001001001001001001001001011 1001000001110
1111111111111111111111111111111111111111100000000000001111111111000010100 1000000000000000000000000000000111100101010100111
0010010101010010100111111100011001001000001111111000001110010 100101 100010100101 11110001010010111001 1000100101000001111111111100000
111111111110000101010101010101010101010101010101010101010101010101
010101 1010101010000000001111111111111111111111111111111111111111111111111100000000000011111000000000000000
00000000000000000000000000000000000000000000000000000000000000000011111111111111111111111111111111111111111100000000000001
1111111111110000000000001111111111111111111111111111111111111111111111111111111111111111111111111100000000000000000000000000000000000000
00000000000000000000001100010001100011111 1111111000101110000000000 0011100011000000000000011111111111111111100011111111111110001111111111
1100000000000001000000000000111111111111000000000000000000000000000000000000000000000000000000000000000000000000000111111111111111111111
111111111111111111111111111111111111111111111111111111111111111111111111111111111111111111000000000000000000000000000001111111111111111
11111111111111111101110011111111111110001110000000 00000011111111111110001111111111111001101111111111110011111111111100111111111111111111
1111111111111111111111111111111111111111111111111111111111111111111111111111111111111111000000000000000000000000000000000000000000000000
0000000000000000000000111111111111111111111111111111111111111111 1111111111000000000000110111111111111111111111111111111000000000000000000
000000000000000000000000000000000000000000000000000000000000001111111111111111111111111111111111111111111111111111111111111111111000000000
0001111111111111000000000000110011111111111111111111111111111111111111111001111111111110011101100000
111111111111111111111111111111111111111111111011111111111110000000000000111111111111111111111111111111111111111111111111111111111111111111
11111111111111111111111111111111111111110000000000000000000000000000000000000000000000000000000000000011111111111110000000000001000000000
00001000000000000011011111111111111111111111111111111111111111111111111111111111111111111111000000000000000000000000000000000000000000000
000000000000000000000011000000000000000000000000000000000000000000000000000000000000000000000000000000000000000000000000000000001111111111
111111111111111111111111111111111111111111111111111110011011111111111100111011000000000000111111111111000000000000011101100000000000001110
01111111111111111111111111111111111111111111111111111 1000000000000111111111111001010000000000000111111111111111111111111111111111111111111
111111111111111111111111111111111111111111111000000000000000000000000000000000000000000000000000000000000000000000000000000000000000000000
00011000111111111111000000000000010000000000001100100000000000011111111111111111111111111111111111111111111111111111111111111111111111111
0011111111111110111111111111100000000000010011100011111111111110000000000000000000000011111111111100011101111111111110000000000000100100
111111111111111111111111111111111111111111111111111110000000000000000000000000000000000000000000000000111000000000000100100000000000001100
111000110000000000000111111111111100000000000011111111111110111111111111001110001111
00000000000000000000000000000000000000000000000000000000000000011100000000000001110011111111111110011000000000000100010000000000001111111
111111000000000000011111111111110101111111111110000000000000000000000000000000000000000000000000000000000001000000000000011101111111111111111
111111111111111111111111111100111000110000000000001111111111110000000000000111111111111000000000000111111111111100111111111111001111111111
111011111111111111111111111111111111111111111111111111111111111111111111111111111110000000000000111111111111010000000000000000000000000000
00000000000000000000000000000000000000000 1100000000000000000000001001111111111111111111111111111111111111111 111110011101111111111111111111111
1111111111111111111111111111111111111111111111111111111111111111111111111111100000000000000000000000000000000000000000000000000000000000000
0000000000000000000000000000000000000000000111111111111111111111111111111111111111111111111111111111111111111111111111111111111111111111111
111111111000000000000000000000000000000000000000000000000000000000000000000000
1111111111111111111111111111111111111111111111111111111111111111111111111111111111111111111111111111111111111111111000000000000111111111111
1000111000110011001111111111111011000000000000100000000000001111111111111000111000000000000010000000000000111111111111111111111111111111011
111111111111111111110000000000000111111111111100111000111111111111000000000000000000000000000000000000000001
0000000000000000000000000000000000000000000000000000000000000000000000000000000000111111111111100100000000000001100011111111111100111111111
1111000100011111111111100000000000011111111111110011111111111111111111111111111111111111111111111111111111111111111111111111111111
1111111111111111111111111111111100000000000001100000000000001000111111111111000111000000000000000000000000000000000000000000000000
1100111111111111111111110000000000000000000000000000000000000000000000000000000000000000000000000000000000000000000000000000000001111111
111110001000111111111111100111111111111100000000000011100000000000001111111111111011111111111110111111111111011111111111100011111111111
11111111111111000110111011000000000000000000000000000000000000000000000000000000000000000000000000111111111111111111111111111111111111111
11111110111111111111100000000000011111111111100000000000001110001110000000000001111111111110000000000000
0000000000001000000000000010111111111111 0000000000000111001111111111111000000000000111111111111100000000000001110
011111111111100111111111111101100000000000011111111111110011001110000000000000111000000000000111111111111000000000000111111111111
1000111111111111100011100100000000000011111111111100
100000000000001111111111111000000000000111111111111100000000000001100111111111111000000000000111000000000000110000000000001111111111111111111111
1111111110100011000000000000111111111111101111111111111000000000000000000000000000000000000000000000000011111111111110111111111111100110000000
000001110011111111111100000000000000000000000000000000000000000000000000000000000000000000000000000000000000000000000000000001111111111111
1111111111111111111111111111111111111111111110000000000000000000000000000000000000000000000000000000000000000000000000000000000000000000111
1111111111111111111111101110000000000000111001111111111111000000000000111111111111111111111111111111111111111111111111111111111111111111111
1111111111111001111111111111000000000000110000000000001110110100110000000000000111000000000000111111111111100100111111111111100011111111
1111000000000000000000000000000000000000000000000000001111111111111000000000000011100000000000010000000000001111111111111000111000000000
0001111111111111111111100000000000000000000000000000000000000000000000000000000000000000000000011111111111111111111111111111111111111111
101111111111110000000000001100000000000010011000111000
1111111111111111111111111111111111111111111111111111111111111111111111111111000111111111111100100011111111111100000000000001000000000000
000000000000000000000000000000000000000000000000000011111111111111111111111111111 000000000000000000000000000000000000000000000000000000
000000000000000000000000000000000000111111111111001111111111110000000000000000000000000000000000000000000000000000000000000000000000000
000000000000000000000100011100000000000000000000101111111111111000000000000011111111111100011111111111110111111111111000000000000011011
100011111111111100011111111111110011000111000000000000110000000000001111111111110000000000000000000000000000000000000000011111111111111
111111111111111111111111111111111111111111111111111111111110000000000000000000000000000000000000000000000000000000000000000000000000000
0000000000111111111111000000000000011111111111100000000000011000111111111111111111111111111111111111111111111111111111111111111111111111
111111111111000100011111111111100000000000001100011111111111100010111000000000000000000000000000000000000000000000000000000000000000000
000000000000000000000001111111111111111111111111111111 0111111111111111111111111111111111111111111000000000000000000000000000000000000000
000000000000000000000000000000111 1000000000000000000000000000000000000000011101110011001110000000000000111111111111100011011100000000000000
0000000000000000000000000000000000000000000000000000000000000000000000111
0111111111111111111111111 10010101010000000000000000001111110111111111111111111110 101010101000000001111111111111111111100000001
111111111110000000000000101010011111111110000000000111111111000000010010100100001011111001001001011010101001001001001001001001001011 1001000001110
1111111111111111111111111111111111111111100000000000001111111111000010100 1000000000000000000000000000000111100101010100111
0010010101010010100111111100011001001000001111111000001110010 100101 100010100101 11110001010010111001 1000100101000001111111111100000
11110000000000000000000000000000000000000000111111111110001010100 100000000111111111111111111111111111110000000 10100111111111111111111100000
0110010010 101010011111100000 101010010010010010010 111111111110000101010101010101010101010101010101010101010101010101
010101 10101010100000000000111111100000000000000000000000000000111111111 00101001001001001001001001
111111111110000101010101010101010101010101010101010101010101010101
010101 1010101010000000000000000000000000000000000001
0111111111111111111111111 10010101010000000000000000001111110111111111111111111110 101010101000000001111111111111111111100000001
111111111110000000000000101010011111111110000000000111111111000000010010100100001011111001001001011010101001001001001001001001001011 1001000001110
1111111111111111111111111111111111111111100000000000001111111111000010100 1000000000000000000000000000000111100101010100111
0010010101010010100111111100011001001000001111111000001110010 100101 100010100101 11110001010010111001 1000100101000001111111111100000
111111111110000101010101010101010101010101010101010101010101010101
010101 10101010100000000000111111111111111111111111111111111000000000
0111111111111111111111111 10010101010000000000000000001111110111111111111111111110 101010101000000001111111111111111111100000001
111111111110000000000000101010011111111110000000000111111111000000010010100100001011111001001001011010101001001001001001001001001011 1001000001110
1111111111111111111111111111111111111111100000000000001111111111000010100 1000000000000000000000000000000111100101010100111
0010010101010010100111111100011001001000001111111000001110010 100101 100010100101 11110001010010111001 1000100101000001111111111100000
11110000000000000000000000000000000000000000111111111110001010100 100000000111111111111111111111111111110000000 10100111111111111111111100000
0110010010 101010011111100000 101010010010010010010 111111111110000101010101010101010101010101010101010101010101010101
010101 10101010100000000000111111100000000000000000000000000000111111111 00101001001001001001001001
0111111111111111111111111 10010101010000000000000000001111110111111111111111111110 101010101000000001111111111111111111100000001
111111111110000000000000101010011111111110000000000111111111000000010010100100001011111001001001011010101001001001001001001001001011 1001000001110
1111111111111111111111111111111111111111100000000000001111111111000010100 1000000000000000000000000000000111100101010100111
0010010101010010100111111100011001001000001111111000001110010 100101 100010100101 11110001010010111001 1000100101000001111111111100000
111111111110000101010101010101010101010101010101010101010101010101 111111111110000101010101010101010101010101010101010101010101010101
010101 1010101010000000000000000000000000000000000001
0111111111111111111111111 100101010100000000000000000011111101111111111111111111111111110 101010101000000001111111111111111111100000001
111111111110000000000000101010011111111110000000000111111111000000010010100100001011111001001001011010101001001001001001001001001011 1001000001110
111111111111111111111111111111111111111111111111100000000000001111111111000010100 1000000000000000000000000000000000111100101010100111
0010010101010010100111111100011001001000001111111000001110010 100101 100010100101 11110001010010111001 1000100101000001111111111100000
111111111110000101010101010101010101010101010101010101010101010101
100010101010001001010100101001001001 101010000111110000111100001111000011100001111 1010101010101010101010101 10010010010010010010010
000100010010010000000000000000000000000001111111111 111111111110000101010101010101010101010101010101010101010101010101
010101 10101010100000000000000000000000000000000000000001 0111111111111111111111111 10010101010000000000000000001111110111111111111111111110 
101010101000000001111111111111111111100000001 111111111110000000000000101010011111111110000000000111111111000 000010010100100001011111001001001011010101001001001001001001001001011 1001000001110
1111111111111111111111111111111111111111100000000000001111111111000010100 1000000000000000000000000000000111100101010100111
0010010101010010100111111100011001001000001111111000001110010 100101 100010100101 11110001010010111001 1000100101000001111111111100000
111111111110000101010101010101010101010101010101010101010101010101 111111111110000101010101010101010101010101010101010101010101010101
010101 1010101010000000000000000000000000000000000001
010101 1010101010000000001111111111111111111111111111111111111111111111111100000000000011111000000000000000
00000000000000000000000000000000000000000000000000000000000000000011111111111111111111111111111111111111111100000000000001
1111111111110000000000001111111111111111111111111111111111111111111111111111111111111111111111111100000000000000000000000000000000000000
00000000000000000000001100010001100011111 1111111000101110000000000 0011100011000000000000011111111111111111100011111111111110001111111111
1100000000000001000000000000111111111111000000000000000000000000000000000000000000000000000000000000000000000000000111111111111111111111
111111111111111111111111111111111111111111111111111111111111111111111111111111111111111111000000000000000000000000000001111111111111111
11111111111111111101110011111111111110001110000000 00000011111111111110001111111111111001101111111111110011111111111100111111111111111111
1111111111111111111111111111111111111111111111111111111111111111111111111111111111111111000000000000000000000000000000000000000000000000
0000000000000000000000111111111111111111111111111111111111111111 1111111111000000000000110111111111111111111111111111111000000000000000000
000000000000000000000000000000000000000000000000000000000000001111111111111111111111111111111111111111111111111111111111111111111000000000
0001111111111111000000000000110011111111111111111111111111111111111111111001111111111110011101100000
0111111111111111111111111 10010101010000000000000000001111110111111111111111111110 101010101000000001111111111111111111100000001
111111111110000000000000101010011111111110000000000111111111000000010010100100001011111001001001011010101001001001001001001001001011 1001000001110
1111111111111111111111111111111111111111100000000000001111111111000010100 1000000000000000000000000000000111100101010100111
0010010101010010100111111100011001001000001111111000001110010 100101 100010100101 11110001010010111001 1000100101000001111111111100000
111111111110000101010101010101010101010101010101010101010101010101
010101 1010101010000000000000000000000000000000000001
0111111111111111111111111 10010101010000000000000000001111110111111111111111111110 1010101010000000011111111111111111111111111100000001
111111111110000000000000101010011111111110000000000111111111000000010010100100001011111001001001011010101001001001001001001001001011 1001000001110
11111111111111111111111111111111111111111111100000000000001111111111000010100 1000000000000000000000000000000111100101010100111
0010010101010010100111111100011001001000001111111000001110010 100101 100010100101 11110001010010111001 1000100101000001111111111100000
11110000000000000000000000000000000000000000111111111110001010100 100000000111111111111111111111111111110000000 10100111111111111111111100000
0110010010 101010011111100000 101010010010010010010 111111111110000101010101010101010101010101010101010101010101010101
010101 1010101010000000000000000000000000000000000000000000000011111111 0111111111111111111111111
10010101010000000000000000001111110111111111111111111110 101010101000000001111111111111111111100000001
111111111110000000000000101010011111111110000000000111111111000000010010100100001011111001001001011010101001001001001001001001001011 1001000001110
1111111111111111111111111111111111111111100000000000001111111111000010100 1000000000000000000000000000000111100101010100111
0010010101010010100111111100011001001000001111111000001110010 100101 100010100101 11110001010010111001 1000100101000001111111111100000
11110000000000000000000000000000000000000000111111111110001010100 100000000111111111111111111111111111110000000 10100111111111111111111100000
0110010010 101010011111100000 101010010010010010010 111111111110000101010101010101010101010101010101010101010101010101
010101 10101010100000000000111111100000000000000000000000000000111111111 00101001001001001001001001
0111111111111111111111111 10010101010000000000000000001111110111111111111111111110 101010101000000001111111111111111111100000001
101010101000000001111111111111111111100000001 111111111110000000000000101010011111111110000000000111111111000 000010010100100001011111001001001011010101001001001001001001001001011 1001000001110
1111111111111111111111111111111111111111100000000000001111111111000010100 1000000000000000000000000000000111100101010100111
0010010101010010100111111100011001001000001111111000001110010 100101 100010100101 11110001010010111001 1000100101000001111111111100000
111111111110000101010101010101010101010101010101010101010101010101 111111111110000101010101010101010101010101010101010101010101010101
010101 1010101010000000000000000000000000000000000001
0111111111111111111111111 10010101010000000000000000001111110111111111111111111110 101010101000000001111111111111111111100000001
111111111110000000000000101010011111111110000000000111111111000000010010100100001011111001001001011010101001001001001001001001001011 1001000001110
1111111111111111111111111111111111111111100000000000001111111111000010100 1000000000000000000000000000000111100101010100111
0010010101010010100111111100011001001000001111111000001110010 100101 100010100101 11110001010010111001 1000100101000001111111111100000
111111111110000101010101010101010101010101010101010101010101010101
010101 1010101010000000001111111111111111111111111111111111111111111111111100000000000011111000000000000000
00000000000000000000000000000000000000000000000000000000000000000011111111111111111111111111111111111111111100000000000001
1111111111110000000000001111111111111111111111111111111111111111111111111111111111111111111111111100000000000000000000000000000000000000
00000000000000000000001100010001100011111 1111111000101110000000000 0011100011000000000000011111111111111111100011111111111110001111111111
1100000000000001000000000000111111111111000000000000000000000000000000000000000000000000000000000000000000000000000111111111111111111111
111111111111111111111111111111111111111111111111111111111111111111111111111111111111111111000000000000000000000000000001111111111111111
11111111111111111101110011111111111110001110000000 00000011111111111110001111111111111001101111111111110011111111111100111111111111111111
1111111111111111111111111111111111111111111111111111111111111111111111111111111111111111000000000000000000000000000000000000000000000000
0000000000000000000000111111111111111111111111111111111111111111 1111111111000000000000110111111111111111111111111111111000000000000000000
000000000000000000000000000000000000000000000000000000000000001111111111111111111111111111111111111111111111111111111111111111111000000000
0001111111111111000000000000110011111111111111111111111111111111111111111001111111111110011101100000
111111111111111111111111111111111111111111111011111111111110000000000000111111111111111111111111111111111111111111111111111111111111111111
11111111111111111111111111111111111111110000000000000000000000000000000000000000000000000000000000000011111111111110000000000001000000000
00001000000000000011011111111111111111111111111111111111111111111111111111111111111111111111000000000000000000000000000000000000000000000
000000000000000000000011000000000000000000000000000000000000000000000000000000000000000000000000000000000000000000000000000000001111111111
111111111111111111111111111111111111111111111111111110011011111111111100111011000000000000111111111111000000000000011101100000000000001110
01111111111111111111111111111111111111111111111111111 1000000000000111111111111001010000000000000111111111111111111111111111111111111111111
111111111111111111111111111111111111111111111000000000000000000000000000000000000000000000000000000000000000000000000000000000000000000000
00011000111111111111000000000000010000000000001100100000000000011111111111111111111111111111111111111111111111111111111111111111111111111
0011111111111110111111111111100000000000010011100011111111111110000000000000000000000011111111111100011101111111111110000000000000100100
111111111111111111111111111111111111111111111111111110000000000000000000000000000000000000000000000000111000000000000100100000000000001100
111000110000000000000111111111111100000000000011111111111110111111111111001110001111
00000000000000000000000000000000000000000000000000000000000000011100000000000001110011111111111110011000000000000100010000000000001111111
111111000000000000011111111111110101111111111110000000000000000000000000000000000000000000000000000000000001000000000000011101111111111111111
111111111111111111111111111100111000110000000000001111111111110000000000000111111111111000000000000111111111111100111111111111001111111111
111011111111111111111111111111111111111111111111111111111111111111111111111111111110000000000000111111111111010000000000000000000000000000
00000000000000000000000000000000000000000 1100000000000000000000001001111111111111111111111111111111111111111 111110011101111111111111111111111
1111111111111111111111111111111111111111111111111111111111111111111111111111100000000000000000000000000000000000000000000000000000000000000
0000000000000000000000000000000000000000000111111111111111111111111111111111111111111111111111111111111111111111111111111111111111111111111
111111111000000000000000000000000000000000000000000000000000000000000000000000
1111111111111111111111111111111111111111111111111111111111111111111111111111111111111111111111111111111111111111111000000000000111111111111
1000111000110011001111111111111011000000000000100000000000001111111111111000111000000000000010000000000000111111111111111111111111111111011
111111111111111111110000000000000111111111111100111000111111111111000000000000000000000000000000000000000001
0000000000000000000000000000000000000000000000000000000000000000000000000000000000111111111111100100000000000001100011111111111100111111111
1111000100011111111111100000000000011111111111110011111111111111111111111111111111111111111111111111111111111111111111111111111111
1111111111111111111111111111111100000000000001100000000000001000111111111111000111000000000000000000000000000000000000000000000000
1100111111111111111111110000000000000000000000000000000000000000000000000000000000000000000000000000000000000000000000000000000001111111
111110001000111111111111100111111111111100000000000011100000000000001111111111111011111111111110111111111111011111111111100011111111111
11111111111111000110111011000000000000000000000000000000000000000000000000000000000000000000000000111111111111111111111111111111111111111
11111110111111111111100000000000011111111111100000000000001110001110000000000001111111111110000000000000
0000000000001000000000000010111111111111 0000000000000111001111111111111000000000000111111111111100000000000001110
011111111111100111111111111101100000000000011111111111110011001110000000000000111000000000000111111111111000000000000111111111111
1000111111111111100011100100000000000011111111111100
100000000000001111111111111000000000000111111111111100000000000001100111111111111000000000000111000000000000110000000000001111111111111111111111
1111111110100011000000000000111111111111101111111111111000000000000000000000000000000000000000000000000011111111111110111111111111100110000000
000001110011111111111100000000000000000000000000000000000000000000000000000000000000000000000000000000000000000000000000000001111111111111
1111111111111111111111111111111111111111111110000000000000000000000000000000000000000000000000000000000000000000000000000000000000000000111
1111111111111111111111101110000000000000111001111111111111000000000000111111111111111111111111111111111111111111111111111111111111111111111
1111111111111001111111111111000000000000110000000000001110110100110000000000000111000000000000111111111111100100111111111111100011111111
1111000000000000000000000000000000000000000000000000001111111111111000000000000011100000000000010000000000001111111111111000111000000000
0001111111111111111111100000000000000000000000000000000000000000000000000000000000000000000000011111111111111111111111111111111111111111
101111111111110000000000001100000000000010011000111000
1111111111111111111111111111111111111111111111111111111111111111111111111111000111111111111100100011111111111100000000000001000000000000
000000000000000000000000000000000000000000000000000011111111111111111111111111111 000000000000000000000000000000000000000000000000000000
000000000000000000000000000000000000111111111111001111111111110000000000000000000000000000000000000000000000000000000000000000000000000
000000000000000000000100011100000000000000000000101111111111111000000000000011111111111100011111111111110111111111111000000000000011011
100011111111111100011111111111110011000111000000000000110000000000001111111111110000000000000000000000000000000000000000011111111111111
111111111111111111111111111111111111111111111111111111111110000000000000000000000000000000000000000000000000000000000000000000000000000
0000000000111111111111000000000000011111111111100000000000011000111111111111111111111111111111111111111111111111111111111111111111111111
111111111111000100011111111111100000000000001100011111111111100010111000000000000000000000000000000000000000000000000000000000000000000
000000000000000000000001111111111111111111111111111111 0111111111111111111111111111111111111111111000000000000000000000000000000000000000
000000000000000000000000000000111 1000000000000000000000000000000000000000011101110011001110000000000000111111111111100011011100000000000000
0000000000000000000000000000000000000000000000000000000000000000000000111
0111111111111111111111111 10010101010000000000000000001111110111111111111111111110 101010101000000001111111111111111111100000001
111111111110000000000000101010011111111110000000000111111111000000010010100100001011111001001001011010101001001001001001001001001011 1001000001110
1111111111111111111111111111111111111111100000000000001111111111000010100 1000000000000000000000000000000111100101010100111
0010010101010010100111111100011001001000001111111000001110010 100101 100010100101 11110001010010111001 1000100101000001111111111100000
11110000000000000000000000000000000000000000111111111110001010100 100000000111111111111111111111111111110000000 10100111111111111111111100000
0110010010 101010011111100000 101010010010010010010 111111111110000101010101010101010101010101010101010101010101010101
010101 10101010100000000000111111100000000000000000000000000000111111111 00101001001001001001001001
111111111111111111111111111111111111111111111111111111111111111111111111111111111111111111000000000000000000000000000001111111111111111
11111111111111111101110011111111111110001110000000 00000011111111111110001111111111111001101111111111110011111111111100111111111111111111
1111111111111111111111111111111111111111111111111111111111111111111111111111111111111111000000000000000000000000000000000000000000000000
0000000000000000000000111111111111111111111111111111111111111111 1111111111000000000000110111111111111111111111111111111000000000000000000
000000000000000000000000000000000000000000000000000000000000001111111111111111111111111111111111111111111111111111111111111111111000000000
0001111111111111000000000000110011111111111111111111111111111111111111111001111111111110011101100000
111111111111111111111111111111111111111111111011111111111110000000000000111111111111111111111111111111111111111111111111111111111111111111
11111111111111111111111111111111111111110000000000000000000000000000000000000000000000000000000000000011111111111110000000000001000000000
00001000000000000011011111111111111111111111111111111111111111111111111111111111111111111111000000000000000000000000000000000000000000000
000000000000000000000011000000000000000000000000000000000000000000000000000000000000000000000000000000000000000000000000000000001111111111
111111111111111111111111111111111111111111111111111110011011111111111100111011000000000000111111111111000000000000011101100000000000001110
01111111111111111111111111111111111111111111111111111 1000000000000111111111111001010000000000000111111111111111111111111111111111111111111
111111111111111111111111111111111111111111111000000000000000000000000000000000000000000000000000000000000000000000000000000000000000000000
00011000111111111111000000000000010000000000001100100000000000011111111111111111111111111111111111111111111111111111111111111111111111111
0011111111111110111111111111100000000000010011100011111111111110000000000000000000000011111111111100011101111111111110000000000000100100
111111111111111111111111111111111111111111111111111110000000000000000000000000000000000000000000000000111000000000000100100000000000001100
111000110000000000000111111111111100000000000011111111111110111111111111001110001111
00000000000000000000000000000000000000000000000000000000000000011100000000000001110011111111111110011000000000000100010000000000001111111
111111000000000000011111111111110101111111111110000000000000000000000000000000000000000000000000000000000001000000000000011101111111111111111
111111111111111111111111111100111000110000000000001111111111110000000000000111111111111000000000000111111111111100111111111111001111111111
111011111111111111111111111111111111111111111111111111111111111111111111111111111110000000000000111111111111010000000000000000000000000000
00000000000000000000000000000000000000000 1100000000000000000000001001111111111111111111111111111111111111111 111110011101111111111111111111111
010101 1010101010000000000000000000000000000000000001
010101 1010101010000000001111111111111111111111111111111111111111111111111100000000000011111000000000000000
00000000000000000000000000000000000000000000000000000000000000000011111111111111111111111111111111111111111100000000000001
1111111111110000000000001111111111111111111111111111111111111111111111111111111111111111111111111100000000000000000000000000000000000000
00000000000000000000001100010001100011111 1111111000101110000000000 0011100011000000000000011111111111111111100011111111111110001111111111
1100000000000001000000000000111111111111000000000000000000000000000000000000000000000000000000000000000000000000000111111111111111111111
111111111111111111111111111111111111111111111111111111111111111111111111111111111111111111000000000000000000000000000001111111111111111
11111111111111111101110011111111111110001110000000 00000011111111111110001111111111111001101111111111110011111111111100111111111111111111
1111111111111111111111111111111111111111111111111111111111111111111111111111111111111111000000000000000000000000000000000000000000000000
0000000000000000000000111111111111111111111111111111111111111111 1111111111000000000000110111111111111111111111111111111000000000000000000
000000000000000000000000000000000000000000000000000000000000001111111111111111111111111111111111111111111111111111111111111111111000000000
0001111111111111000000000000110011111111111111111111111111111111111111111001111111111110011101100000
0111111111111111111111111 10010101010000000000000000001111110111111111111111111110 101010101000000001111111111111111111100000001
111111111110000000000000101010011111111110000000000111111111000000010010100100001011111001001001011010101001001001001001001001001011 1001000001110
1111111111111111111111111111111111111111100000000000001111111111000010100 1000000000000000000000000000000111100101010100111
0010010101010010100111111100011001001000001111111000001110010 100101 100010100101 11110001010010111001 1000100101000001111111111100000
111111111110000101010101010101010101010101010101010101010101010101
111111111110000101010101010101010101010101010101010101010101010101
010101 1010101010000000000000000000000000000000000001
0111111111111111111111111 10010101010000000000000000001111110111111111111111111110 101010101000000001111111111111111111100000001
111111111110000000000000101010011111111110000000000111111111000000010010100100001011111001001001011010101001001001001001001001001011 1001000001110
1111111111111111111111111111111111111111100000000000001111111111000010100 1000000000000000000000000000000111100101010100111
0010010101010010100111111100011001001000001111111000001110010 100101 100010100101 11110001010010111001 1000100101000001111111111100000
111111111110000101010101010101010101010101010101010101010101010101
010101 10101010100000000000111111111111111111111111111111111000000000
0111111111111111111111111 10010101010000000000000000001111110111111111111111111110 101010101000000001111111111111111111100000001
111111111110000000000000101010011111111110000000000111111111000000010010100100001011111001001001011010101001001001001001001001001011 1001000001110
1111111111111111111111111111111111111111100000000000001111111111000010100 1000000000000000000000000000000111100101010100111
0010010101010010100111111100011001001000001111111000001110010 100101 100010100101 11110001010010111001 1000100101000001111111111100000
11110000000000000000000000000000000000000000111111111110001010100 100000000111111111111111111111111111110000000 10100111111111111111111100000
0110010010 101010011111100000 101010010010010010010 111111111110000101010101010101010101010101010101010101010101010101
010101 10101010100000000000111111100000000000000000000000000000111111111 00101001001001001001001001
0111111111111111111111111 10010101010000000000000000001111110111111111111111111110 101010101000000001111111111111111111100000001
111111111110000000000000101010011111111110000000000111111111000000010010100100001011111001001001011010101001001001001001001001001011 1001000001110
1111111111111111111111111111111111111111100000000000001111111111000010100 1000000000000000000000000000000111100101010100111
0010010101010010100111111100011001001000001111111000001110010 100101 100010100101 11110001010010111001 1000100101000001111111111100000
111111111110000101010101010101010101010101010101010101010101010101 111111111110000101010101010101010101010101010101010101010101010101
010101 1010101010000000000000000000000000000000000001
0111111111111111111111111 100101010100000000000000000011111101111111111111111111111111110 101010101000000001111111111111111111100000001
111111111110000000000000101010011111111110000000000111111111000000010010100100001011111001001001011010101001001001001001001001001011 1001000001110
111111111111111111111111111111111111111111111111100000000000001111111111000010100 1000000000000000000000000000000000111100101010100111
0010010101010010100111111100011001001000001111111000001110010 100101 100010100101 11110001010010111001 1000100101000001111111111100000
111111111110000101010101010101010101010101010101010101010101010101
100010101010001001010100101001001001 101010000111110000111100001111000011100001111 1010101010101010101010101 10010010010010010010010
000100010010010000000000000000000000000001111111111 111111111110000101010101010101010101010101010101010101010101010101
010101 10101010100000000000000000000000000000000000000001 0111111111111111111111111 10010101010000000000000000001111110111111111111111111110 
101010101000000001111111111111111111100000001 111111111110000000000000101010011111111110000000000111111111000 000010010100100001011111001001001011010101001001001001001001001001011 1001000001110
1111111111111111111111111111111111111111100000000000001111111111000010100 1000000000000000000000000000000111100101010100111
0010010101010010100111111100011001001000001111111000001110010 100101 100010100101 11110001010010111001 1000100101000001111111111100000
111111111110000101010101010101010101010101010101010101010101010101 111111111110000101010101010101010101010101010101010101010101010101
010101 1010101010000000000000000000000000000000000001
010101 1010101010000000001111111111111111111111111111111111111111111111111100000000000011111000000000000000
00000000000000000000000000000000000000000000000000000000000000000011111111111111111111111111111111111111111100000000000001
1111111111110000000000001111111111111111111111111111111111111111111111111111111111111111111111111100000000000000000000000000000000000000
00000000000000000000001100010001100011111 1111111000101110000000000 0011100011000000000000011111111111111111100011111111111110001111111111
1100000000000001000000000000111111111111000000000000000000000000000000000000000000000000000000000000000000000000000111111111111111111111
111111111111111111111111111111111111111111111111111111111111111111111111111111111111111111000000000000000000000000000001111111111111111
11111111111111111101110011111111111110001110000000 00000011111111111110001111111111111001101111111111110011111111111100111111111111111111
1111111111111111111111111111111111111111111111111111111111111111111111111111111111111111000000000000000000000000000000000000000000000000
0000000000000000000000111111111111111111111111111111111111111111 1111111111000000000000110111111111111111111111111111111000000000000000000
000000000000000000000000000000000000000000000000000000000000001111111111111111111111111111111111111111111111111111111111111111111000000000
0001111111111111000000000000110011111111111111111111111111111111111111111001111111111110011101100000
0111111111111111111111111 10010101010000000000000000001111110111111111111111111110 101010101000000001111111111111111111100000001
111111111110000000000000101010011111111110000000000111111111000000010010100100001011111001001001011010101001001001001001001001001011 1001000001110
1111111111111111111111111111111111111111100000000000001111111111000010100 1000000000000000000000000000000111100101010100111
0010010101010010100111111100011001001000001111111000001110010 100101 100010100101 11110001010010111001 1000100101000001111111111100000
111111111110000101010101010101010101010101010101010101010101010101
010101 1010101010000000000000000000000000000000000001
0111111111111111111111111 10010101010000000000000000001111110111111111111111111110 1010101010000000011111111111111111111111111100000001
111111111110000000000000101010011111111110000000000111111111000000010010100100001011111001001001011010101001001001001001001001001011 1001000001110
11111111111111111111111111111111111111111111100000000000001111111111000010100 1000000000000000000000000000000111100101010100111
0010010101010010100111111100011001001000001111111000001110010 100101 100010100101 11110001010010111001 1000100101000001111111111100000
11110000000000000000000000000000000000000000111111111110001010100 100000000111111111111111111111111111110000000 10100111111111111111111100000
0110010010 101010011111100000 101010010010010010010 111111111110000101010101010101010101010101010101010101010101010101
010101 1010101010000000000000000000000000000000000000000000000011111111 0111111111111111111111111
10010101010000000000000000001111110111111111111111111110 101010101000000001111111111111111111100000001
111111111110000000000000101010011111111110000000000111111111000000010010100100001011111001001001011010101001001001001001001001001011 1001000001110
1111111111111111111111111111111111111111100000000000001111111111000010100 1000000000000000000000000000000111100101010100111
0010010101010010100111111100011001001000001111111000001110010 100101 100010100101 11110001010010111001 1000100101000001111111111100000
11110000000000000000000000000000000000000000111111111110001010100 100000000111111111111111111111111111110000000 10100111111111111111111100000
0110010010 101010011111100000 101010010010010010010 111111111110000101010101010101010101010101010101010101010101010101
010101 10101010100000000000111111100000000000000000000000000000111111111 00101001001001001001001001
0111111111111111111111111 10010101010000000000000000001111110111111111111111111110 101010101000000001111111111111111111100000001
101010101000000001111111111111111111100000001 111111111110000000000000101010011111111110000000000111111111000 000010010100100001011111001001001011010101001001001001001001001001011 1001000001110
1111111111111111111111111111111111111111100000000000001111111111000010100 1000000000000000000000000000000111100101010100111
0010010101010010100111111100011001001000001111111000001110010 100101 100010100101 11110001010010111001 1000100101000001111111111100000
111111111110000101010101010101010101010101010101010101010101010101 111111111110000101010101010101010101010101010101010101010101010101
010101 1010101010000000000000000000000000000000000001
0111111111111111111111111 10010101010000000000000000001111110111111111111111111110 101010101000000001111111111111111111100000001
111111111110000000000000101010011111111110000000000111111111000000010010100100001011111001001001011010101001001001001001001001001011 1001000001110
1111111111111111111111111111111111111111100000000000001111111111000010100 1000000000000000000000000000000111100101010100111
0010010101010010100111111100011001001000001111111000001110010 100101 100010100101 11110001010010111001 1000100101000001111111111100000
111111111110000101010101010101010101010101010101010101010101010101
010101 1010101010000000001111111111111111111111111111111111111111111111111100000000000011111000000000000000
00000000000000000000000000000000000000000000000000000000000000000011111111111111111111111111111111111111111100000000000001
1111111111110000000000001111111111111111111111111111111111111111111111111111111111111111111111111100000000000000000000000000000000000000
00000000000000000000001100010001100011111 1111111000101110000000000 0011100011000000000000011111111111111111100011111111111110001111111111
1100000000000001000000000000111111111111000000000000000000000000000000000000000000000000000000000000000000000000000111111111111111111111
111111111111111111111111111111111111111111111111111111111111111111111111111111111111111111000000000000000000000000000001111111111111111
11111111111111111101110011111111111110001110000000 00000011111111111110001111111111111001101111111111110011111111111100111111111111111111
1111111111111111111111111111111111111111111111111111111111111111111111111111111111111111000000000000000000000000000000000000000000000000
0000000000000000000000111111111111111111111111111111111111111111 1111111111000000000000110111111111111111111111111111111000000000000000000
000000000000000000000000000000000000000000000000000000000000001111111111111111111111111111111111111111111111111111111111111111111000000000
0001111111111111000000000000110011111111111111111111111111111111111111111001111111111110011101100000
111111111111111111111111111111111111111111111011111111111110000000000000111111111111111111111111111111111111111111111111111111111111111111
11111111111111111111111111111111111111110000000000000000000000000000000000000000000000000000000000000011111111111110000000000001000000000
00001000000000000011011111111111111111111111111111111111111111111111111111111111111111111111000000000000000000000000000000000000000000000
000000000000000000000011000000000000000000000000000000000000000000000000000000000000000000000000000000000000000000000000000000001111111111
111111111111111111111111111111111111111111111111111110011011111111111100111011000000000000111111111111000000000000011101100000000000001110
01111111111111111111111111111111111111111111111111111 1000000000000111111111111001010000000000000111111111111111111111111111111111111111111
111111111111111111111111111111111111111111111000000000000000000000000000000000000000000000000000000000000000000000000000000000000000000000
00011000111111111111000000000000010000000000001100100000000000011111111111111111111111111111111111111111111111111111111111111111111111111
0011111111111110111111111111100000000000010011100011111111111110000000000000000000000011111111111100011101111111111110000000000000100100
111111111111111111111111111111111111111111111111111110000000000000000000000000000000000000000000000000111000000000000100100000000000001100
111000110000000000000111111111111100000000000011111111111110111111111111001110001111
00000000000000000000000000000000000000000000000000000000000000011100000000000001110011111111111110011000000000000100010000000000001111111
111111000000000000011111111111110101111111111110000000000000000000000000000000000000000000000000000000000001000000000000011101111111111111111
111111111111111111111111111100111000110000000000001111111111110000000000000111111111111000000000000111111111111100111111111111001111111111
111011111111111111111111111111111111111111111111111111111111111111111111111111111110000000000000111111111111010000000000000000000000000000
00000000000000000000000000000000000000000 1100000000000000000000001001111111111111111111111111111111111111111 111110011101111111111111111111111
1111111111111111111111111111111111111111111111111111111111111111111111111111100000000000000000000000000000000000000000000000000000000000000
0000000000000000000000000000000000000000000111111111111111111111111111111111111111111111111111111111111111111111111111111111111111111111111
111111111000000000000000000000000000000000000000000000000000000000000000000000
1111111111111111111111111111111111111111111111111111111111111111111111111111111111111111111111111111111111111111111000000000000111111111111
1000111000110011001111111111111011000000000000100000000000001111111111111000111000000000000010000000000000111111111111111111111111111111011
111111111111111111110000000000000111111111111100111000111111111111000000000000000000000000000000000000000001
0000000000000000000000000000000000000000000000000000000000000000000000000000000000111111111111100100000000000001100011111111111100111111111
1111000100011111111111100000000000011111111111110011111111111111111111111111111111111111111111111111111111111111111111111111111111
1111111111111111111111111111111100000000000001100000000000001000111111111111000111000000000000000000000000000000000000000000000000
1100111111111111111111110000000000000000000000000000000000000000000000000000000000000000000000000000000000000000000000000000000001111111
111110001000111111111111100111111111111100000000000011100000000000001111111111111011111111111110111111111111011111111111100011111111111
11111111111111000110111011000000000000000000000000000000000000000000000000000000000000000000000000111111111111111111111111111111111111111
11111110111111111111100000000000011111111111100000000000001110001110000000000001111111111110000000000000
0000000000001000000000000010111111111111 0000000000000111001111111111111000000000000111111111111100000000000001110
011111111111100111111111111101100000000000011111111111110011001110000000000000111000000000000111111111111000000000000111111111111
1000111111111111100011100100000000000011111111111100
100000000000001111111111111000000000000111111111111100000000000001100111111111111000000000000111000000000000110000000000001111111111111111111111
1111111110100011000000000000111111111111101111111111111000000000000000000000000000000000000000000000000011111111111110111111111111100110000000
000001110011111111111100000000000000000000000000000000000000000000000000000000000000000000000000000000000000000000000000000001111111111111
1111111111111111111111111111111111111111111110000000000000000000000000000000000000000000000000000000000000000000000000000000000000000000111
1111111111111111111111101110000000000000111001111111111111000000000000111111111111111111111111111111111111111111111111111111111111111111111
1111111111111001111111111111000000000000110000000000001110110100110000000000000111000000000000111111111111100100111111111111100011111111
1111000000000000000000000000000000000000000000000000001111111111111000000000000011100000000000010000000000001111111111111000111000000000
0001111111111111111111100000000000000000000000000000000000000000000000000000000000000000000000011111111111111111111111111111111111111111
101111111111110000000000001100000000000010011000111000
1111111111111111111111111111111111111111111111111111111111111111111111111111000111111111111100100011111111111100000000000001000000000000
000000000000000000000000000000000000000000000000000011111111111111111111111111111 000000000000000000000000000000000000000000000000000000
000000000000000000000000000000000000111111111111001111111111110000000000000000000000000000000000000000000000000000000000000000000000000
000000000000000000000100011100000000000000000000101111111111111000000000000011111111111100011111111111110111111111111000000000000011011
100011111111111100011111111111110011000111000000000000110000000000001111111111110000000000000000000000000000000000000000011111111111111
111111111111111111111111111111111111111111111111111111111110000000000000000000000000000000000000000000000000000000000000000000000000000
0000000000111111111111000000000000011111111111100000000000011000111111111111111111111111111111111111111111111111111111111111111111111111
111111111111000100011111111111100000000000001100011111111111100010111000000000000000000000000000000000000000000000000000000000000000000
000000000000000000000001111111111111111111111111111111 0111111111111111111111111111111111111111111000000000000000000000000000000000000000
000000000000000000000000000000111 1000000000000000000000000000000000000000011101110011001110000000000000111111111111100011011100000000000000
0000000000000000000000000000000000000000000000000000000000000000000000111
0111111111111111111111111 10010101010000000000000000001111110111111111111111111110 101010101000000001111111111111111111100000001
111111111110000000000000101010011111111110000000000111111111000000010010100100001011111001001001011010101001001001001001001001001011 1001000001110
1111111111111111111111111111111111111111100000000000001111111111000010100 1000000000000000000000000000000111100101010100111
0010010101010010100111111100011001001000001111111000001110010 100101 100010100101 11110001010010111001 1000100101000001111111111100000
11110000000000000000000000000000000000000000111111111110001010100 100000000111111111111111111111111111110000000 10100111111111111111111100000
0110010010 101010011111100000 101010010010010010010 111111111110000101010101010101010101010101010101010101010101010101
010101 10101010100000000000111111100000000000000000000000000000111111111 00101001001001001001001001
111111111110000101010101010101010101010101010101010101010101010101
010101 1010101010000000000000000000000000000000000001
0111111111111111111111111 10010101010000000000000000001111110111111111111111111110 101010101000000001111111111111111111100000001
111111111110000000000000101010011111111110000000000111111111000000010010100100001011111001001001011010101001001001001001001001001011 1001000001110
1111111111111111111111111111111111111111100000000000001111111111000010100 1000000000000000000000000000000111100101010100111
0010010101010010100111111100011001001000001111111000001110010 100101 100010100101 11110001010010111001 1000100101000001111111111100000
111111111110000101010101010101010101010101010101010101010101010101
010101 10101010100000000000111111111111111111111111111111111000000000
0111111111111111111111111 10010101010000000000000000001111110111111111111111111110 101010101000000001111111111111111111100000001
111111111110000000000000101010011111111110000000000111111111000000010010100100001011111001001001011010101001001001001001001001001011 1001000001110
1111111111111111111111111111111111111111100000000000001111111111000010100 1000000000000000000000000000000111100101010100111
0010010101010010100111111100011001001000001111111000001110010 100101 100010100101 11110001010010111001 1000100101000001111111111100000
11110000000000000000000000000000000000000000111111111110001010100 100000000111111111111111111111111111110000000 10100111111111111111111100000
0110010010 101010011111100000 101010010010010010010 111111111110000101010101010101010101010101010101010101010101010101
010101 10101010100000000000111111100000000000000000000000000000111111111 00101001001001001001001001
0111111111111111111111111 10010101010000000000000000001111110111111111111111111110 101010101000000001111111111111111111100000001
111111111110000000000000101010011111111110000000000111111111000000010010100100001011111001001001011010101001001001001001001001001011 1001000001110
1111111111111111111111111111111111111111100000000000001111111111000010100 1000000000000000000000000000000111100101010100111
0010010101010010100111111100011001001000001111111000001110010 100101 100010100101 11110001010010111001 1000100101000001111111111100000
111111111110000101010101010101010101010101010101010101010101010101 111111111110000101010101010101010101010101010101010101010101010101
010101 1010101010000000000000000000000000000000000001
0111111111111111111111111 100101010100000000000000000011111101111111111111111111111111110 101010101000000001111111111111111111100000001
111111111110000000000000101010011111111110000000000111111111000000010010100100001011111001001001011010101001001001001001001001001011 1001000001110
111111111111111111111111111111111111111111111111100000000000001111111111000010100 1000000000000000000000000000000000111100101010100111
0010010101010010100111111100011001001000001111111000001110010 100101 100010100101 11110001010010111001 1000100101000001111111111100000
111111111110000101010101010101010101010101010101010101010101010101
100010101010001001010100101001001001 101010000111110000111100001111000011100001111 1010101010101010101010101 10010010010010010010010
000100010010010000000000000000000000000001111111111 111111111110000101010101010101010101010101010101010101010101010101
010101 10101010100000000000000000000000000000000000000001 0111111111111111111111111 10010101010000000000000000001111110111111111111111111110 
101010101000000001111111111111111111100000001 111111111110000000000000101010011111111110000000000111111111000 000010010100100001011111001001001011010101001001001001001001001001011 1001000001110
1111111111111111111111111111111111111111100000000000001111111111000010100 1000000000000000000000000000000111100101010100111
0010010101010010100111111100011001001000001111111000001110010 100101 100010100101 11110001010010111001 1000100101000001111111111100000
111111111110000101010101010101010101010101010101010101010101010101 111111111110000101010101010101010101010101010101010101010101010101
010101 1010101010000000000000000000000000000000000001
010101 1010101010000000001111111111111111111111111111111111111111111111111100000000000011111000000000000000
00000000000000000000000000000000000000000000000000000000000000000011111111111111111111111111111111111111111100000000000001
1111111111110000000000001111111111111111111111111111111111111111111111111111111111111111111111111100000000000000000000000000000000000000
00000000000000000000001100010001100011111 1111111000101110000000000 0011100011000000000000011111111111111111100011111111111110001111111111
1100000000000001000000000000111111111111000000000000000000000000000000000000000000000000000000000000000000000000000111111111111111111111
111111111111111111111111111111111111111111111111111111111111111111111111111111111111111111000000000000000000000000000001111111111111111
11111111111111111101110011111111111110001110000000 00000011111111111110001111111111111001101111111111110011111111111100111111111111111111
1111111111111111111111111111111111111111111111111111111111111111111111111111111111111111000000000000000000000000000000000000000000000000
0000000000000000000000111111111111111111111111111111111111111111 1111111111000000000000110111111111111111111111111111111000000000000000000
000000000000000000000000000000000000000000000000000000000000001111111111111111111111111111111111111111111111111111111111111111111000000000
0001111111111111000000000000110011111111111111111111111111111111111111111001111111111110011101100000
0111111111111111111111111 10010101010000000000000000001111110111111111111111111110 101010101000000001111111111111111111100000001
111111111110000000000000101010011111111110000000000111111111000000010010100100001011111001001001011010101001001001001001001001001011 1001000001110
1111111111111111111111111111111111111111100000000000001111111111000010100 1000000000000000000000000000000111100101010100111
0010010101010010100111111100011001001000001111111000001110010 100101 100010100101 11110001010010111001 1000100101000001111111111100000
111111111110000101010101010101010101010101010101010101010101010101
010101 1010101010000000000000000000000000000000000001
0111111111111111111111111 10010101010000000000000000001111110111111111111111111110 1010101010000000011111111111111111111111111100000001
111111111110000000000000101010011111111110000000000111111111000000010010100100001011111001001001011010101001001001001001001001001011 1001000001110
11111111111111111111111111111111111111111111100000000000001111111111000010100 1000000000000000000000000000000111100101010100111
0010010101010010100111111100011001001000001111111000001110010 100101 100010100101 11110001010010111001 1000100101000001111111111100000
11110000000000000000000000000000000000000000111111111110001010100 100000000111111111111111111111111111110000000 10100111111111111111111100000
0110010010 101010011111100000 101010010010010010010 111111111110000101010101010101010101010101010101010101010101010101
010101 1010101010000000000000000000000000000000000000000000000011111111 0111111111111111111111111
10010101010000000000000000001111110111111111111111111110 101010101000000001111111111111111111100000001
111111111110000000000000101010011111111110000000000111111111000000010010100100001011111001001001011010101001001001001001001001001011 1001000001110
1111111111111111111111111111111111111111100000000000001111111111000010100 1000000000000000000000000000000111100101010100111
0010010101010010100111111100011001001000001111111000001110010 100101 100010100101 11110001010010111001 1000100101000001111111111100000
11110000000000000000000000000000000000000000111111111110001010100 100000000111111111111111111111111111110000000 10100111111111111111111100000
0110010010 101010011111100000 101010010010010010010 111111111110000101010101010101010101010101010101010101010101010101
010101 10101010100000000000111111100000000000000000000000000000111111111 00101001001001001001001001
0111111111111111111111111 10010101010000000000000000001111110111111111111111111110 101010101000000001111111111111111111100000001
101010101000000001111111111111111111100000001 111111111110000000000000101010011111111110000000000111111111000 000010010100100001011111001001001011010101001001001001001001001001011 1001000001110
1111111111111111111111111111111111111111100000000000001111111111000010100 1000000000000000000000000000000111100101010100111
0010010101010010100111111100011001001000001111111000001110010 100101 100010100101 11110001010010111001 1000100101000001111111111100000
111111111110000101010101010101010101010101010101010101010101010101 111111111110000101010101010101010101010101010101010101010101010101
010101 1010101010000000000000000000000000000000000001
0111111111111111111111111 10010101010000000000000000001111110111111111111111111110 101010101000000001111111111111111111100000001
111111111110000000000000101010011111111110000000000111111111000000010010100100001011111001001001011010101001001001001001001001001011 1001000001110
1111111111111111111111111111111111111111100000000000001111111111000010100 1000000000000000000000000000000111100101010100111
0010010101010010100111111100011001001000001111111000001110010 100101 100010100101 11110001010010111001 1000100101000001111111111100000
111111111110000101010101010101010101010101010101010101010101010101
010101 1010101010000000001111111111111111111111111111111111111111111111111100000000000011111000000000000000
00000000000000000000000000000000000000000000000000000000000000000011111111111111111111111111111111111111111100000000000001
1111111111110000000000001111111111111111111111111111111111111111111111111111111111111111111111111100000000000000000000000000000000000000
00000000000000000000001100010001100011111 1111111000101110000000000 0011100011000000000000011111111111111111100011111111111110001111111111
1100000000000001000000000000111111111111000000000000000000000000000000000000000000000000000000000000000000000000000111111111111111111111
111111111111111111111111111111111111111111111111111111111111111111111111111111111111111111000000000000000000000000000001111111111111111
11111111111111111101110011111111111110001110000000 00000011111111111110001111111111111001101111111111110011111111111100111111111111111111
1111111111111111111111111111111111111111111111111111111111111111111111111111111111111111000000000000000000000000000000000000000000000000
0000000000000000000000111111111111111111111111111111111111111111 1111111111000000000000110111111111111111111111111111111000000000000000000
000000000000000000000000000000000000000000000000000000000000001111111111111111111111111111111111111111111111111111111111111111111000000000
0001111111111111000000000000110011111111111111111111111111111111111111111001111111111110011101100000
111111111111111111111111111111111111111111111011111111111110000000000000111111111111111111111111111111111111111111111111111111111111111111
11111111111111111111111111111111111111110000000000000000000000000000000000000000000000000000000000000011111111111110000000000001000000000
00001000000000000011011111111111111111111111111111111111111111111111111111111111111111111111000000000000000000000000000000000000000000000
000000000000000000000011000000000000000000000000000000000000000000000000000000000000000000000000000000000000000000000000000000001111111111
111111111111111111111111111111111111111111111111111110011011111111111100111011000000000000111111111111000000000000011101100000000000001110
01111111111111111111111111111111111111111111111111111 1000000000000111111111111001010000000000000111111111111111111111111111111111111111111
111111111111111111111111111111111111111111111000000000000000000000000000000000000000000000000000000000000000000000000000000000000000000000
00011000111111111111000000000000010000000000001100100000000000011111111111111111111111111111111111111111111111111111111111111111111111111
0011111111111110111111111111100000000000010011100011111111111110000000000000000000000011111111111100011101111111111110000000000000100100
111111111111111111111111111111111111111111111111111110000000000000000000000000000000000000000000000000111000000000000100100000000000001100
111000110000000000000111111111111100000000000011111111111110111111111111001110001111
00000000000000000000000000000000000000000000000000000000000000011100000000000001110011111111111110011000000000000100010000000000001111111
111111000000000000011111111111110101111111111110000000000000000000000000000000000000000000000000000000000001000000000000011101111111111111111
111111111111111111111111111100111000110000000000001111111111110000000000000111111111111000000000000111111111111100111111111111001111111111
111011111111111111111111111111111111111111111111111111111111111111111111111111111110000000000000111111111111010000000000000000000000000000
00000000000000000000000000000000000000000 1100000000000000000000001001111111111111111111111111111111111111111 111110011101111111111111111111111
1111111111111111111111111111111111111111111111111111111111111111111111111111100000000000000000000000000000000000000000000000000000000000000
0000000000000000000000000000000000000000000111111111111111111111111111111111111111111111111111111111111111111111111111111111111111111111111
111111111000000000000000000000000000000000000000000000000000000000000000000000
1111111111111111111111111111111111111111111111111111111111111111111111111111111111111111111111111111111111111111111000000000000111111111111
1000111000110011001111111111111011000000000000100000000000001111111111111000111000000000000010000000000000111111111111111111111111111111011
111111111111111111110000000000000111111111111100111000111111111111000000000000000000000000000000000000000001
0000000000000000000000000000000000000000000000000000000000000000000000000000000000111111111111100100000000000001100011111111111100111111111
1111000100011111111111100000000000011111111111110011111111111111111111111111111111111111111111111111111111111111111111111111111111
1111111111111111111111111111111100000000000001100000000000001000111111111111000111000000000000000000000000000000000000000000000000
1100111111111111111111110000000000000000000000000000000000000000000000000000000000000000000000000000000000000000000000000000000001111111
111110001000111111111111100111111111111100000000000011100000000000001111111111111011111111111110111111111111011111111111100011111111111
11111111111111000110111011000000000000000000000000000000000000000000000000000000000000000000000000111111111111111111111111111111111111111
11111110111111111111100000000000011111111111100000000000001110001110000000000001111111111110000000000000
0000000000001000000000000010111111111111 0000000000000111001111111111111000000000000111111111111100000000000001110
011111111111100111111111111101100000000000011111111111110011001110000000000000111000000000000111111111111000000000000111111111111
1000111111111111100011100100000000000011111111111100
100000000000001111111111111000000000000111111111111100000000000001100111111111111000000000000111000000000000110000000000001111111111111111111111
1111111110100011000000000000111111111111101111111111111000000000000000000000000000000000000000000000000011111111111110111111111111100110000000
000001110011111111111100000000000000000000000000000000000000000000000000000000000000000000000000000000000000000000000000000001111111111111
1111111111111111111111111111111111111111111110000000000000000000000000000000000000000000000000000000000000000000000000000000000000000000111
1111111111111111111111101110000000000000111001111111111111000000000000111111111111111111111111111111111111111111111111111111111111111111111
1111111111111001111111111111000000000000110000000000001110110100110000000000000111000000000000111111111111100100111111111111100011111111
1111000000000000000000000000000000000000000000000000001111111111111000000000000011100000000000010000000000001111111111111000111000000000
0001111111111111111111100000000000000000000000000000000000000000000000000000000000000000000000011111111111111111111111111111111111111111
101111111111110000000000001100000000000010011000111000
1111111111111111111111111111111111111111111111111111111111111111111111111111000111111111111100100011111111111100000000000001000000000000
000000000000000000000000000000000000000000000000000011111111111111111111111111111 000000000000000000000000000000000000000000000000000000
000000000000000000000000000000000000111111111111001111111111110000000000000000000000000000000000000000000000000000000000000000000000000
000000000000000000000100011100000000000000000000101111111111111000000000000011111111111100011111111111110111111111111000000000000011011
100011111111111100011111111111110011000111000000000000110000000000001111111111110000000000000000000000000000000000000000011111111111111
111111111111111111111111111111111111111111111111111111111110000000000000000000000000000000000000000000000000000000000000000000000000000
0000000000111111111111000000000000011111111111100000000000011000111111111111111111111111111111111111111111111111111111111111111111111111
111111111111000100011111111111100000000000001100011111111111100010111000000000000000000000000000000000000000000000000000000000000000000
000000000000000000000001111111111111111111111111111111 0111111111111111111111111111111111111111111000000000000000000000000000000000000000
000000000000000000000000000000111 1000000000000000000000000000000000000000011101110011001110000000000000111111111111100011011100000000000000
0000000000000000000000000000000000000000000000000000000000000000000000111
0111111111111111111111111 10010101010000000000000000001111110111111111111111111110 101010101000000001111111111111111111100000001
111111111110000000000000101010011111111110000000000111111111000000010010100100001011111001001001011010101001001001001001001001001011 1001000001110
1111111111111111111111111111111111111111100000000000001111111111000010100 1000000000000000000000000000000111100101010100111
0010010101010010100111111100011001001000001111111000001110010 100101 100010100101 11110001010010111001 1000100101000001111111111100000
11110000000000000000000000000000000000000000111111111110001010100 100000000111111111111111111111111111110000000 10100111111111111111111100000
0110010010 101010011111100000 101010010010010010010 111111111110000101010101010101010101010101010101010101010101010101
010101 10101010100000000000111111100000000000000000000000000000111111111 00101001001001001001001001
111111111111111111111111111111111111111111111111111111111111111111111111111111111111111111000000000000000000000000000001111111111111111
11111111111111111101110011111111111110001110000000 00000011111111111110001111111111111001101111111111110011111111111100111111111111111111
1111111111111111111111111111111111111111111111111111111111111111111111111111111111111111000000000000000000000000000000000000000000000000
0000000000000000000000111111111111111111111111111111111111111111 1111111111000000000000110111111111111111111111111111111000000000000000000
000000000000000000000000000000000000000000000000000000000000001111111111111111111111111111111111111111111111111111111111111111111000000000
0001111111111111000000000000110011111111111111111111111111111111111111111001111111111110011101100000
111111111111111111111111111111111111111111111011111111111110000000000000111111111111111111111111111111111111111111111111111111111111111111
11111111111111111111111111111111111111110000000000000000000000000000000000000000000000000000000000000011111111111110000000000001000000000
00001000000000000011011111111111111111111111111111111111111111111111111111111111111111111111000000000000000000000000000000000000000000000
000000000000000000000011000000000000000000000000000000000000000000000000000000000000000000000000000000000000000000000000000000001111111111
111111111111111111111111111111111111111111111111111110011011111111111100111011000000000000111111111111000000000000011101100000000000001110
01111111111111111111111111111111111111111111111111111 1000000000000111111111111001010000000000000111111111111111111111111111111111111111111
111111111111111111111111111111111111111111111000000000000000000000000000000000000000000000000000000000000000000000000000000000000000000000
00011000111111111111000000000000010000000000001100100000000000011111111111111111111111111111111111111111111111111111111111111111111111111
0011111111111110111111111111100000000000010011100011111111111110000000000000000000000011111111111100011101111111111110000000000000100100
111111111111111111111111111111111111111111111111111110000000000000000000000000000000000000000000000000111000000000000100100000000000001100
111000110000000000000111111111111100000000000011111111111110111111111111001110001111
00000000000000000000000000000000000000000000000000000000000000011100000000000001110011111111111110011000000000000100010000000000001111111
111111000000000000011111111111110101111111111110000000000000000000000000000000000000000000000000000000000001000000000000011101111111111111111
111111111111111111111111111100111000110000000000001111111111110000000000000111111111111000000000000111111111111100111111111111001111111111
111011111111111111111111111111111111111111111111111111111111111111111111111111111110000000000000111111111111010000000000000000000000000000
00000000000000000000000000000000000000000 1100000000000000000000001001111111111111111111111111111111111111111 111110011101111111111111111111111
010101 1010101010000000000000000000000000000000000001
010101 1010101010000000001111111111111111111111111111111111111111111111111100000000000011111000000000000000
00000000000000000000000000000000000000000000000000000000000000000011111111111111111111111111111111111111111100000000000001
1111111111110000000000001111111111111111111111111111111111111111111111111111111111111111111111111100000000000000000000000000000000000000
00000000000000000000001100010001100011111 1111111000101110000000000 0011100011000000000000011111111111111111100011111111111110001111111111
1100000000000001000000000000111111111111000000000000000000000000000000000000000000000000000000000000000000000000000111111111111111111111
111111111111111111111111111111111111111111111111111111111111111111111111111111111111111111000000000000000000000000000001111111111111111
11111111111111111101110011111111111110001110000000 00000011111111111110001111111111111001101111111111110011111111111100111111111111111111
1111111111111111111111111111111111111111111111111111111111111111111111111111111111111111000000000000000000000000000000000000000000000000
0000000000000000000000111111111111111111111111111111111111111111 1111111111000000000000110111111111111111111111111111111000000000000000000
000000000000000000000000000000000000000000000000000000000000001111111111111111111111111111111111111111111111111111111111111111111000000000
0001111111111111000000000000110011111111111111111111111111111111111111111001111111111110011101100000
0111111111111111111111111 10010101010000000000000000001111110111111111111111111110 101010101000000001111111111111111111100000001
111111111110000000000000101010011111111110000000000111111111000000010010100100001011111001001001011010101001001001001001001001001011 1001000001110
1111111111111111111111111111111111111111100000000000001111111111000010100 1000000000000000000000000000000111100101010100111
0010010101010010100111111100011001001000001111111000001110010 100101 100010100101 11110001010010111001 1000100101000001111111111100000
111111111110000101010101010101010101010101010101010101010101010101 